0001	Ubl	1,3,2,0_2,0,1,3_1,3,0,2_1,0,2,3_2,3,0,1_1,2,3,0
0002	Ubl	1,3,2,0_1,3,2,0_1,2,3,0_2,1,3,0_3,0,1,2_3,0,2,1
0003	Ubl	2,3,1,0_2,3,0,1_1,3,0,2_3,0,2,1_3,2,0,1_2,1,3,0
0004	Ubl	2,3,1,0_0,3,1,2_2,1,0,3_1,3,2,0_3,0,2,1_1,3,0,2
0005	Ubl	1,3,2,0_1,3,0,2_2,1,3,0_3,0,2,1_3,0,1,2_1,3,2,0
0006	Ubl	3,1,2,0_0,1,2,3_1,0,3,2_1,3,0,2_3,0,2,1_1,2,3,0
0007	Ubl	2,3,1,0_2,1,3,0_0,3,2,1_3,1,2,0_3,1,2,0_2,0,3,1
0008	Ubl	1,2,3,0_3,1,0,2_0,3,2,1_3,0,2,1_0,2,1,3_0,3,2,1
0009	Ubl	2,1,3,0_1,0,2,3_0,2,3,1_2,1,3,0_3,0,1,2_1,0,2,3
0010	Ubl	2,1,3,0_3,2,1,0_3,0,2,1_0,2,3,1_0,2,3,1_1,2,3,0
0011	Ubl	2,3,1,0_3,2,1,0_0,1,2,3_0,2,3,1_1,3,2,0_2,3,1,0
0012	Ubl	1,2,3,0_2,0,3,1_2,3,1,0_0,1,2,3_2,3,0,1_0,1,2,3
0013	Ubl	1,3,2,0_0,1,3,2_3,1,0,2_1,2,3,0_0,2,1,3_1,0,2,3
0014	Ubl	2,1,3,0_2,3,0,1_0,3,1,2_2,3,1,0_0,1,3,2_1,3,0,2
0015	Ubl	2,3,1,0_2,1,3,0_2,0,1,3_2,3,0,1_0,1,2,3_1,0,2,3
0016	Ubl	3,2,1,0_0,3,1,2_1,3,0,2_3,2,0,1_1,3,2,0_0,3,2,1
0017	Ubl	2,1,3,0_0,1,2,3_1,2,3,0_0,2,3,1_3,1,0,2_1,3,2,0
0018	Ubl	2,1,3,0_3,2,0,1_2,0,3,1_3,0,2,1_0,3,2,1_3,0,1,2
0019	Ubl	1,2,3,0_2,3,1,0_2,0,1,3_2,3,1,0_3,0,1,2_1,2,0,3
0020	Ubl	3,1,2,0_2,0,3,1_2,3,0,1_2,1,0,3_0,3,2,1_0,1,3,2
0021	Ubl	2,3,1,0_1,0,2,3_2,1,3,0_3,0,1,2_2,0,1,3_2,1,3,0
0022	Ubl	2,1,3,0_0,2,3,1_1,3,0,2_3,2,1,0_0,3,2,1_2,1,0,3
0023	Ubl	2,3,1,0_3,1,2,0_0,2,3,1_3,0,1,2_3,0,2,1_0,2,1,3
0024	Ubl	1,2,3,0_2,3,0,1_3,2,1,0_2,0,1,3_1,2,3,0_0,1,2,3
0025	Ubl	1,2,3,0_1,0,3,2_3,2,0,1_2,3,1,0_3,1,0,2_2,3,1,0
0026	Ubl	3,2,1,0_3,1,0,2_3,1,2,0_1,0,3,2_2,0,1,3_1,0,2,3
0027	Ubl	1,3,2,0_2,1,0,3_3,0,1,2_2,3,0,1_0,1,2,3_1,3,2,0
0028	Ubl	2,3,1,0_3,2,0,1_1,2,0,3_0,2,3,1_1,0,3,2_3,0,1,2
0029	Ubl	3,1,2,0_1,0,3,2_3,1,0,2_2,1,0,3_0,1,2,3_3,1,0,2
0030	Ubl	1,3,2,0_0,2,1,3_2,3,1,0_2,0,3,1_1,3,2,0_3,0,1,2
0031	Ubl	1,2,3,0_1,2,0,3_3,0,2,1_3,1,0,2_2,0,1,3_2,1,0,3
0032	Ubl	2,3,1,0_1,2,0,3_2,3,1,0_2,1,0,3_0,1,2,3_2,0,1,3
0033	Ubl	2,1,3,0_1,2,3,0_0,3,2,1_0,3,2,1_3,1,2,0_0,1,2,3
0034	Ubl	2,1,3,0_3,2,0,1_1,0,3,2_1,3,2,0_3,1,0,2_0,1,2,3
0035	Ubl	1,2,3,0_0,2,3,1_2,0,3,1_0,1,3,2_2,1,0,3_1,0,3,2
0036	Ubl	3,1,2,0_2,0,3,1_2,1,0,3_2,1,0,3_1,2,0,3_2,3,1,0
0037	Ubl	2,1,3,0_0,1,2,3_3,2,0,1_1,0,2,3_2,3,1,0_2,1,3,0
0038	Ubl	3,2,1,0_2,3,0,1_1,2,3,0_0,3,2,1_1,2,0,3_2,0,1,3
0039	Ubl	1,2,3,0_2,0,1,3_0,1,3,2_1,3,2,0_3,0,1,2_0,1,2,3
0040	Ubl	1,3,2,0_3,2,0,1_3,1,0,2_1,2,0,3_3,2,1,0_3,2,1,0
0041	Ubl	2,1,3,0_0,1,3,2_1,0,2,3_1,0,2,3_0,2,1,3_3,2,0,1
0042	Ubl	3,1,2,0_1,0,3,2_2,3,0,1_0,3,2,1_1,3,0,2_2,1,0,3
0043	Ubl	1,2,3,0_3,0,1,2_3,1,0,2_2,1,0,3_2,0,3,1_1,3,2,0
0044	Ubl	1,2,3,0_0,2,1,3_1,2,3,0_0,2,1,3_2,0,1,3_2,3,1,0
0045	Ubl	3,2,1,0_1,0,2,3_0,1,3,2_3,0,2,1_1,0,3,2_1,2,0,3
0046	Ubl	2,3,1,0_0,2,3,1_1,3,0,2_0,1,3,2_2,3,1,0_1,3,2,0
0047	Ubl	1,3,2,0_2,1,3,0_2,1,3,0_3,2,1,0_3,2,1,0_2,1,0,3
0048	Ubl	2,1,3,0_3,0,2,1_0,3,1,2_3,0,2,1_1,2,0,3_3,0,1,2
0049	Ubl	3,2,1,0_2,3,0,1_1,3,0,2_2,3,0,1_2,1,3,0_2,1,0,3
0050	Ubl	3,2,1,0_3,0,2,1_0,2,1,3_0,2,1,3_2,3,1,0_2,1,3,0
0051	Ubl	3,1,2,0_2,3,1,0_2,1,0,3_1,3,0,2_1,0,3,2_3,2,1,0
0052	Ubl	1,3,2,0_1,0,3,2_3,2,0,1_0,3,2,1_2,1,0,3_1,0,2,3
0053	Ubl	1,2,3,0_1,3,0,2_0,3,2,1_1,3,0,2_3,1,2,0_2,1,3,0
0054	Ubl	1,2,3,0_2,1,0,3_1,2,3,0_2,3,0,1_3,0,2,1_1,3,0,2
0055	Ubl	1,2,3,0_3,2,0,1_3,2,1,0_3,0,2,1_3,0,1,2_2,3,1,0
0056	Ubl	2,3,1,0_1,3,2,0_3,0,2,1_1,3,0,2_3,0,2,1_2,3,1,0
0057	Ubl	1,3,2,0_0,3,2,1_0,2,1,3_2,0,3,1_3,2,0,1_0,2,1,3
0058	Ubl	3,1,2,0_2,3,1,0_3,0,1,2_1,0,2,3_3,2,1,0_0,1,2,3
0059	Ubl	1,2,3,0_3,0,1,2_1,0,2,3_2,0,1,3_1,2,0,3_2,0,3,1
0060	Ubl	3,1,2,0_3,1,0,2_3,2,1,0_0,3,1,2_1,2,0,3_0,2,1,3
0061	Ubl	2,1,3,0_1,0,3,2_1,2,0,3_1,3,2,0_2,3,0,1_0,1,2,3
0062	Ubl	1,2,3,0_1,3,2,0_3,1,2,0_2,0,3,1_2,3,1,0_2,0,1,3
0063	Ubl	3,1,2,0_0,1,3,2_0,1,2,3_1,3,2,0_0,1,2,3_0,3,2,1
0064	Ubl	3,1,2,0_0,2,3,1_3,2,0,1_2,0,3,1_3,2,1,0_3,0,1,2
0065	Ubl	1,3,2,0_3,2,1,0_0,2,3,1_0,1,3,2_1,2,3,0_2,3,1,0
0066	Ubl	2,1,3,0_2,0,1,3_3,2,0,1_0,1,3,2_0,3,2,1_0,1,3,2
0067	Ubl	3,2,1,0_2,1,3,0_0,3,2,1_2,1,0,3_3,0,2,1_1,0,2,3
0068	Ubl	3,2,1,0_0,1,3,2_3,0,1,2_3,1,0,2_3,0,2,1_0,1,2,3
0069	Ubl	3,2,1,0_3,0,2,1_3,1,2,0_2,1,0,3_1,3,2,0_2,0,1,3
0070	Ubl	1,2,3,0_1,3,2,0_2,3,1,0_0,2,1,3_0,1,3,2_0,2,1,3
0071	Ubl	1,3,2,0_0,1,2,3_2,1,0,3_0,3,2,1_0,3,1,2_1,2,0,3
0072	Ubl	3,1,2,0_2,0,1,3_0,1,2,3_0,1,3,2_0,3,1,2_1,2,0,3
0073	Ubl	1,2,3,0_2,0,3,1_2,1,3,0_2,0,3,1_2,1,0,3_3,1,2,0
0074	Ubl	2,3,1,0_0,3,2,1_1,0,2,3_2,1,0,3_1,0,2,3_0,2,1,3
0075	Ubl	3,1,2,0_1,3,0,2_0,1,2,3_3,2,1,0_3,2,1,0_2,3,0,1
0076	Ubl	1,2,3,0_1,3,0,2_3,1,2,0_3,0,2,1_3,0,2,1_0,2,3,1
0077	Ubl	2,3,1,0_2,0,1,3_0,2,1,3_3,0,1,2_3,0,2,1_0,3,1,2
0078	Ubl	1,2,3,0_1,3,2,0_0,2,3,1_3,0,1,2_3,2,1,0_3,1,0,2
0079	Ubl	3,1,2,0_3,2,1,0_2,0,1,3_2,3,0,1_3,0,2,1_0,2,1,3
0080	Ubl	1,3,2,0_1,2,0,3_3,2,0,1_1,3,0,2_0,2,1,3_1,2,0,3
0081	Ubl	2,3,1,0_1,3,2,0_1,2,0,3_1,3,0,2_0,1,3,2_2,0,1,3
0082	Ubl	1,2,3,0_1,0,3,2_3,2,1,0_0,1,3,2_1,0,3,2_2,1,0,3
0083	Ubl	3,1,2,0_3,1,2,0_2,1,3,0_3,2,0,1_0,2,3,1_3,1,0,2
0084	Ubl	2,3,1,0_2,0,1,3_2,0,1,3_3,0,1,2_3,1,2,0_2,0,1,3
0085	Ubl	1,2,3,0_0,2,1,3_1,0,3,2_2,3,1,0_0,1,3,2_1,0,2,3
0086	Ubl	2,1,3,0_2,1,3,0_2,1,3,0_1,0,3,2_3,0,2,1_2,0,1,3
0087	Ubl	2,3,1,0_2,0,1,3_1,0,3,2_3,1,2,0_0,3,1,2_0,1,2,3
0088	Ubl	2,1,3,0_0,1,3,2_1,3,0,2_1,3,0,2_1,3,2,0_2,0,3,1
0089	Ubl	2,1,3,0_2,3,1,0_1,3,0,2_2,3,0,1_2,3,0,1_3,2,1,0
0090	Ubl	2,1,3,0_3,1,2,0_3,2,0,1_0,3,1,2_0,3,2,1_3,1,0,2
0091	Ubl	1,2,3,0_2,1,0,3_0,1,3,2_3,1,2,0_0,1,2,3_0,1,2,3
0092	Ubl	1,2,3,0_0,1,2,3_3,1,0,2_2,0,3,1_3,0,2,1_1,2,0,3
0093	Ubl	1,2,3,0_2,0,1,3_0,1,3,2_1,3,0,2_2,1,0,3_1,3,0,2
0094	Ubl	3,1,2,0_2,0,1,3_2,3,1,0_2,0,3,1_0,3,2,1_0,3,2,1
0095	Ubl	2,1,3,0_3,2,1,0_2,1,3,0_3,1,2,0_1,0,3,2_1,2,3,0
0096	Ubl	1,3,2,0_0,2,1,3_2,0,1,3_2,0,1,3_3,0,1,2_1,2,3,0
0097	Ubl	3,2,1,0_2,1,3,0_0,1,2,3_0,3,2,1_2,0,1,3_1,2,3,0
0098	Ubl	2,1,3,0_0,1,3,2_0,1,3,2_2,3,1,0_3,2,1,0_2,1,0,3
0099	Ubl	3,2,1,0_3,1,0,2_1,2,3,0_1,0,2,3_3,0,1,2_0,2,3,1
0100	Ubl	2,3,1,0_0,1,2,3_0,3,2,1_0,2,1,3_0,1,2,3_3,2,1,0
0101	Ubl	1,2,3,0_1,3,2,0_2,0,1,3_0,2,1,3_1,0,3,2_3,1,0,2
0102	Ubl	1,2,3,0_0,1,2,3_0,3,2,1_3,1,0,2_3,1,0,2_3,0,2,1
0103	Ubl	3,2,1,0_0,2,1,3_0,2,1,3_2,0,1,3_3,1,0,2_3,1,0,2
0104	Ubl	2,3,1,0_3,0,2,1_2,3,0,1_2,3,1,0_0,1,2,3_2,3,1,0
0105	Ubl	2,3,1,0_0,3,1,2_3,1,2,0_0,2,1,3_1,0,2,3_1,0,3,2
0106	Ubl	1,2,3,0_0,1,2,3_1,2,0,3_3,0,1,2_3,0,1,2_1,3,0,2
0107	Ubl	1,2,3,0_2,0,3,1_2,1,0,3_1,0,2,3_3,1,2,0_1,2,0,3
0108	Ubl	1,2,3,0_3,1,0,2_2,1,0,3_0,1,2,3_2,3,1,0_2,3,1,0
0109	Ubl	1,3,2,0_1,2,3,0_0,1,3,2_3,1,0,2_0,2,1,3_3,0,2,1
0110	Ubl	2,1,3,0_3,2,1,0_3,2,0,1_2,0,3,1_1,2,0,3_3,0,2,1
0111	Ubl	2,1,3,0_0,3,1,2_2,3,0,1_2,3,1,0_0,1,3,2_3,1,2,0
0112	Ubl	3,2,1,0_1,0,2,3_3,2,0,1_1,3,0,2_0,1,2,3_0,2,3,1
0113	Ubl	3,2,1,0_1,3,2,0_1,0,2,3_1,3,2,0_0,1,2,3_1,0,2,3
0114	Ubl	1,2,3,0_2,1,0,3_0,2,3,1_1,3,0,2_1,2,3,0_2,0,3,1
0115	Ubl	3,2,1,0_2,0,1,3_0,3,2,1_3,0,1,2_0,3,2,1_3,1,0,2
0116	Ubl	1,3,2,0_3,1,2,0_2,0,1,3_2,3,1,0_1,2,3,0_1,0,2,3
0117	Ubl	3,1,2,0_0,2,3,1_3,0,2,1_1,3,0,2_2,0,1,3_2,3,0,1
0118	Ubl	2,3,1,0_0,3,2,1_2,3,1,0_3,2,0,1_3,0,1,2_0,2,1,3
0119	Ubl	2,3,1,0_2,0,3,1_3,0,2,1_3,0,1,2_0,3,1,2_0,3,2,1
0120	Ubl	2,1,3,0_0,3,1,2_1,3,2,0_2,1,0,3_2,1,0,3_3,2,1,0
0121	Ubl	1,3,2,0_3,0,1,2_0,3,1,2_2,0,3,1_0,1,3,2_1,0,2,3
0122	Ubl	2,3,1,0_2,1,0,3_2,3,0,1_3,1,0,2_1,2,3,0_2,3,0,1
0123	Ubl	2,3,1,0_3,0,2,1_3,2,1,0_1,0,2,3_0,1,3,2_0,3,2,1
0124	Ubl	1,2,3,0_3,1,0,2_2,1,3,0_0,1,2,3_0,3,1,2_3,1,0,2
0125	Ubl	3,2,1,0_0,2,1,3_0,3,2,1_1,0,2,3_1,2,3,0_0,3,2,1
0126	Ubl	3,1,2,0_3,1,2,0_3,2,1,0_0,3,1,2_0,2,3,1_3,2,0,1
0127	Ubl	3,1,2,0_3,0,1,2_3,2,0,1_0,2,1,3_3,1,2,0_1,0,2,3
0128	Ubl	1,2,3,0_0,3,2,1_3,0,1,2_3,2,1,0_2,0,3,1_1,2,0,3
0129	Ubl	3,2,1,0_1,3,2,0_0,2,3,1_0,1,3,2_3,2,1,0_0,1,2,3
0130	Ubl	2,1,3,0_2,1,0,3_3,2,1,0_3,1,2,0_2,0,1,3_1,2,0,3
0131	Ubl	1,2,3,0_3,0,1,2_3,0,1,2_3,0,1,2_0,3,2,1_1,3,2,0
0132	Ubl	3,1,2,0_3,1,0,2_0,3,1,2_2,1,0,3_1,0,3,2_2,0,1,3
0133	Ubl	3,2,1,0_2,3,1,0_2,1,3,0_1,0,3,2_3,0,1,2_0,2,3,1
0134	Ubl	2,3,1,0_3,0,2,1_0,1,2,3_3,0,1,2_0,3,2,1_1,0,3,2
0135	Ubl	2,1,3,0_2,1,3,0_3,0,2,1_1,2,3,0_2,1,0,3_1,3,2,0
0136	Ubl	1,2,3,0_2,0,3,1_3,1,0,2_3,0,1,2_0,1,2,3_0,1,3,2
0137	Ubl	2,1,3,0_2,3,1,0_1,3,0,2_2,3,0,1_3,0,1,2_0,3,2,1
0138	Ubl	3,2,1,0_2,1,3,0_1,2,3,0_2,3,0,1_1,0,3,2_3,2,0,1
0139	Ubl	3,1,2,0_2,3,1,0_1,0,2,3_3,1,2,0_3,2,0,1_1,3,0,2
0140	Ubl	1,3,2,0_0,3,2,1_0,1,2,3_1,0,2,3_3,2,0,1_2,3,0,1
0141	Ubl	1,3,2,0_0,3,2,1_2,3,1,0_2,0,3,1_2,3,1,0_3,1,0,2
0142	Ubl	1,3,2,0_2,1,3,0_3,0,2,1_3,2,1,0_0,2,3,1_0,2,3,1
0143	Ubl	2,3,1,0_3,2,1,0_1,2,3,0_0,2,3,1_2,3,1,0_0,2,1,3
0144	Ubl	2,1,3,0_2,0,1,3_1,2,3,0_1,0,2,3_1,2,0,3_3,0,1,2
0145	Ubl	3,1,2,0_1,2,0,3_2,0,1,3_0,3,2,1_1,0,3,2_3,2,0,1
0146	Ubl	2,3,1,0_2,0,1,3_3,0,1,2_1,0,2,3_3,2,1,0_0,3,1,2
0147	Ubl	2,3,1,0_2,0,3,1_1,3,0,2_1,3,2,0_0,2,1,3_2,3,0,1
0148	Ubl	3,2,1,0_3,2,0,1_0,1,2,3_1,2,0,3_0,3,1,2_3,2,1,0
0149	Ubl	1,2,3,0_1,0,2,3_1,3,2,0_0,1,2,3_2,3,0,1_3,2,1,0
0150	Ubl	3,1,2,0_3,2,1,0_1,3,0,2_1,0,3,2_2,3,1,0_2,1,3,0
0151	Ubl	1,2,3,0_3,2,1,0_0,3,1,2_3,1,0,2_1,3,2,0_3,2,0,1
0152	Ubl	3,1,2,0_0,3,2,1_0,2,1,3_0,3,2,1_3,1,0,2_3,0,2,1
0153	Ubl	2,3,1,0_1,0,2,3_1,0,2,3_2,3,1,0_0,1,3,2_2,3,1,0
0154	Ubl	1,2,3,0_0,2,1,3_1,0,3,2_3,1,0,2_1,2,3,0_2,1,0,3
0155	Ubl	2,1,3,0_3,1,2,0_2,0,1,3_0,1,3,2_1,3,2,0_1,0,2,3
0156	Ubl	2,3,1,0_0,3,1,2_0,2,1,3_3,1,2,0_3,1,2,0_2,0,3,1
0157	Ubl	1,2,3,0_0,3,1,2_3,1,0,2_0,3,2,1_2,1,0,3_0,1,2,3
0158	Ubl	2,1,3,0_3,0,1,2_1,3,0,2_0,2,3,1_3,1,0,2_1,0,2,3
0159	Ubl	3,2,1,0_0,2,3,1_1,0,2,3_1,3,2,0_1,3,0,2_3,0,2,1
0160	Ubl	1,3,2,0_2,3,0,1_1,2,3,0_3,0,2,1_1,2,3,0_1,2,3,0
0161	Ubl	2,3,1,0_3,1,0,2_0,2,3,1_2,1,0,3_1,0,3,2_0,1,2,3
0162	Ubl	3,2,1,0_2,0,3,1_2,1,3,0_2,1,0,3_1,0,3,2_1,3,2,0
0163	Ubl	2,3,1,0_2,0,3,1_2,3,1,0_3,2,1,0_3,1,0,2_1,0,2,3
0164	Ubl	2,1,3,0_1,2,3,0_3,2,1,0_0,2,3,1_1,2,0,3_3,0,1,2
0165	Ubl	2,1,3,0_1,0,2,3_2,0,1,3_0,1,3,2_3,0,2,1_0,1,3,2
0166	Ubl	1,2,3,0_1,2,3,0_0,3,1,2_3,2,1,0_2,3,1,0_2,0,3,1
0167	Ubl	1,3,2,0_3,0,2,1_1,0,2,3_0,2,1,3_0,3,2,1_2,3,1,0
0168	Ubl	3,2,1,0_3,1,0,2_3,2,0,1_2,0,3,1_2,3,1,0_2,1,3,0
0169	Ubl	3,2,1,0_1,0,2,3_3,2,0,1_3,2,1,0_2,3,0,1_2,1,3,0
0170	Ubl	3,1,2,0_3,2,0,1_1,2,0,3_3,2,0,1_3,1,0,2_1,3,0,2
0171	Ubl	2,3,1,0_2,0,1,3_2,1,3,0_2,3,0,1_3,0,2,1_1,2,3,0
0172	Ubl	2,3,1,0_3,1,2,0_2,0,3,1_3,0,1,2_0,2,3,1_2,0,1,3
0173	Ubl	3,2,1,0_1,0,3,2_1,0,2,3_2,1,0,3_1,0,2,3_3,0,1,2
0174	Ubl	1,2,3,0_2,1,3,0_0,3,1,2_0,2,3,1_1,2,3,0_2,0,1,3
0175	Ubl	3,2,1,0_2,0,3,1_3,0,2,1_1,0,3,2_2,3,1,0_1,0,2,3
0176	Ubl	2,1,3,0_0,2,3,1_1,3,0,2_0,2,1,3_1,2,0,3_0,3,1,2
0177	Ubl	1,3,2,0_3,2,0,1_1,2,3,0_3,2,0,1_2,1,3,0_2,3,0,1
0178	Ubl	3,2,1,0_0,3,2,1_2,0,3,1_0,1,3,2_2,0,3,1_2,3,1,0
0179	Ubl	3,1,2,0_2,3,1,0_1,3,0,2_3,1,0,2_1,3,0,2_0,1,3,2
0180	Ubl	2,3,1,0_2,3,0,1_2,0,1,3_3,0,2,1_1,0,3,2_1,3,2,0
0181	Ubl	1,2,3,0_2,1,0,3_2,3,0,1_2,3,1,0_0,3,1,2_0,2,1,3
0182	Ubl	2,3,1,0_2,3,0,1_0,3,1,2_1,2,0,3_1,3,2,0_3,0,1,2
0183	Ubl	1,2,3,0_1,2,3,0_2,1,0,3_2,0,3,1_3,0,1,2_3,0,1,2
0184	Ubl	1,2,3,0_0,2,1,3_2,0,1,3_3,0,1,2_1,0,2,3_1,0,3,2
0185	Ubl	1,2,3,0_3,0,2,1_2,0,3,1_2,0,1,3_0,1,3,2_3,1,0,2
0186	Ubl	3,2,1,0_3,1,2,0_2,3,0,1_3,0,1,2_3,2,0,1_3,2,1,0
0187	Ubl	2,1,3,0_0,2,1,3_2,3,1,0_3,2,1,0_0,3,2,1_0,1,2,3
0188	Ubl	2,3,1,0_1,3,2,0_0,3,1,2_1,3,2,0_1,2,0,3_2,1,3,0
0189	Ubl	3,2,1,0_1,0,2,3_1,3,0,2_1,3,2,0_2,1,0,3_3,2,1,0
0190	Ubl	2,1,3,0_2,0,1,3_1,0,3,2_2,1,3,0_0,1,2,3_0,1,3,2
0191	Ubl	3,1,2,0_2,0,1,3_3,0,2,1_1,3,2,0_2,0,3,1_1,3,2,0
0192	Ubl	3,1,2,0_1,3,0,2_3,0,2,1_1,0,3,2_0,1,3,2_2,0,3,1
0193	Ubl	1,3,2,0_1,2,0,3_2,1,0,3_2,3,1,0_1,0,2,3_1,2,0,3
0194	Ubl	1,2,3,0_0,3,2,1_0,1,3,2_3,1,0,2_2,3,0,1_3,0,2,1
0195	Ubl	1,2,3,0_3,0,1,2_1,3,0,2_1,0,2,3_3,2,0,1_2,0,1,3
0196	Ubl	1,2,3,0_3,2,0,1_0,2,3,1_1,2,3,0_1,2,0,3_2,3,1,0
0197	Ubl	2,1,3,0_0,1,2,3_1,3,0,2_2,3,0,1_1,2,3,0_1,3,2,0
0198	Ubl	1,2,3,0_0,1,2,3_3,0,1,2_0,2,1,3_0,3,1,2_1,3,0,2
0199	Ubl	3,1,2,0_1,3,0,2_3,1,2,0_0,3,1,2_0,2,1,3_0,2,3,1
0200	Ubl	3,1,2,0_0,2,1,3_0,3,2,1_1,3,0,2_2,3,1,0_3,1,0,2
0201	Ubl	2,1,3,0_2,0,1,3_0,3,1,2_1,2,0,3_0,2,1,3_2,0,3,1
0202	Ubl	3,1,2,0_2,3,1,0_0,3,1,2_0,1,3,2_1,3,2,0_0,3,1,2
0203	Ubl	3,1,2,0_3,0,2,1_1,3,0,2_0,3,2,1_3,2,1,0_1,2,0,3
0204	Ubl	1,2,3,0_1,0,2,3_1,0,2,3_3,1,2,0_2,1,0,3_0,1,2,3
0205	Ubl	3,1,2,0_2,1,0,3_0,1,3,2_0,2,1,3_1,3,2,0_0,2,1,3
0206	Ubl	2,1,3,0_3,2,1,0_0,3,2,1_3,0,1,2_0,2,1,3_0,3,1,2
0207	Ubl	2,3,1,0_2,3,1,0_2,3,1,0_2,3,0,1_1,2,3,0_2,3,1,0
0208	Ubl	3,2,1,0_3,1,2,0_2,1,0,3_2,3,1,0_3,2,1,0_3,0,1,2
0209	Ubl	3,1,2,0_0,1,2,3_2,3,0,1_2,3,0,1_3,2,0,1_3,2,0,1
0210	Ubl	3,1,2,0_0,2,1,3_3,2,1,0_3,2,1,0_3,2,0,1_0,2,3,1
0211	Ubl	2,1,3,0_3,2,1,0_2,3,0,1_3,2,1,0_2,0,3,1_3,0,1,2
0212	Ubl	2,3,1,0_3,0,2,1_2,3,0,1_0,3,1,2_0,3,1,2_2,3,1,0
0213	Ubl	2,3,1,0_1,3,0,2_1,0,3,2_2,1,3,0_0,3,2,1_3,1,0,2
0214	Ubl	1,2,3,0_1,0,2,3_3,1,2,0_2,0,3,1_0,2,3,1_2,0,3,1
0215	Ubl	1,3,2,0_2,1,3,0_2,3,0,1_0,3,2,1_3,2,1,0_3,1,2,0
0216	Ubl	2,3,1,0_3,1,0,2_2,1,3,0_2,1,0,3_1,3,0,2_3,0,1,2
0217	Ubl	3,2,1,0_1,2,3,0_0,3,2,1_2,0,3,1_2,0,1,3_1,0,3,2
0218	Ubl	2,3,1,0_2,3,0,1_0,2,3,1_1,2,3,0_2,3,1,0_2,0,1,3
0219	Ubl	2,3,1,0_1,2,0,3_2,1,0,3_3,0,1,2_0,1,3,2_3,0,2,1
0220	Ubl	3,1,2,0_3,0,1,2_1,2,0,3_3,1,0,2_2,3,1,0_0,3,2,1
0221	Ubl	2,1,3,0_2,3,1,0_2,1,3,0_2,0,3,1_2,0,3,1_0,1,3,2
0222	Ubl	3,2,1,0_0,1,3,2_0,1,3,2_0,1,2,3_0,1,3,2_2,0,1,3
0223	Ubl	3,2,1,0_2,0,3,1_0,1,3,2_0,3,1,2_0,3,2,1_1,2,3,0
0224	Ubl	2,1,3,0_0,1,3,2_2,3,1,0_0,1,2,3_0,1,3,2_2,0,3,1
0225	Ubl	2,1,3,0_3,1,0,2_2,1,0,3_2,0,1,3_1,0,3,2_0,3,2,1
0226	Ubl	1,2,3,0_2,1,0,3_2,1,3,0_0,3,2,1_2,1,3,0_1,2,3,0
0227	Ubl	2,1,3,0_3,0,2,1_3,2,1,0_2,3,1,0_0,3,2,1_1,0,3,2
0228	Ubl	1,3,2,0_0,2,3,1_1,3,2,0_2,3,1,0_0,2,1,3_1,0,3,2
0229	Ubl	2,1,3,0_3,1,0,2_3,1,0,2_3,1,2,0_0,2,1,3_0,2,3,1
0230	Ubl	2,1,3,0_0,2,1,3_2,0,3,1_2,0,1,3_3,1,2,0_0,3,2,1
0231	Ubl	3,1,2,0_0,1,2,3_3,2,0,1_2,3,0,1_2,3,0,1_0,3,2,1
0232	Ubl	1,2,3,0_2,0,3,1_1,0,3,2_1,3,2,0_2,0,3,1_3,2,0,1
0233	Ubl	1,3,2,0_1,0,2,3_1,3,0,2_3,1,2,0_3,1,2,0_2,0,3,1
0234	Ubl	2,1,3,0_1,3,0,2_2,0,3,1_1,2,3,0_0,3,2,1_0,3,1,2
0235	Ubl	2,1,3,0_2,1,3,0_3,0,1,2_2,1,3,0_3,0,1,2_1,2,0,3
0236	Ubl	2,3,1,0_2,3,0,1_2,1,3,0_3,2,0,1_0,1,3,2_0,2,1,3
0237	Ubl	1,2,3,0_0,2,3,1_3,2,1,0_1,3,2,0_0,1,2,3_2,1,3,0
0238	Ubl	2,3,1,0_0,1,3,2_1,0,3,2_1,3,0,2_2,0,1,3_2,0,1,3
0239	Ubl	3,1,2,0_1,2,0,3_0,2,3,1_3,2,1,0_3,1,0,2_3,1,0,2
0240	Ubl	3,2,1,0_2,3,1,0_3,1,0,2_1,3,0,2_1,0,2,3_0,2,1,3
0241	Ubl	2,3,1,0_0,3,2,1_2,3,1,0_1,0,3,2_3,0,1,2_1,3,0,2
0242	Ubl	3,1,2,0_3,1,0,2_1,0,2,3_2,1,3,0_2,1,3,0_2,0,1,3
0243	Ubl	3,1,2,0_3,0,1,2_1,3,0,2_3,2,1,0_1,3,2,0_1,0,3,2
0244	Ubl	2,3,1,0_3,1,2,0_2,1,0,3_0,2,1,3_2,1,0,3_3,2,0,1
0245	Ubl	3,2,1,0_3,2,1,0_2,3,1,0_1,3,2,0_1,3,0,2_1,2,3,0
0246	Ubl	3,1,2,0_0,3,2,1_0,2,3,1_2,3,1,0_3,0,2,1_0,3,1,2
0247	Ubl	2,3,1,0_2,3,0,1_1,0,2,3_3,2,0,1_3,0,1,2_3,1,2,0
0248	Ubl	1,2,3,0_1,3,0,2_0,3,2,1_1,2,0,3_0,1,2,3_0,3,1,2
0249	Ubl	2,1,3,0_0,2,3,1_1,2,3,0_1,3,2,0_0,3,1,2_2,0,3,1
0250	Ubl	3,2,1,0_0,3,1,2_2,0,3,1_3,0,2,1_2,0,3,1_3,1,0,2
0251	Ubl	1,3,2,0_1,0,2,3_1,0,3,2_2,0,3,1_3,2,0,1_2,3,1,0
0252	Ubl	2,3,1,0_3,2,0,1_2,3,0,1_2,3,0,1_1,3,2,0_3,1,2,0
0253	Ubl	3,2,1,0_2,0,1,3_3,0,2,1_1,0,2,3_3,2,1,0_2,0,1,3
0254	Ubl	1,2,3,0_0,2,1,3_3,2,1,0_0,2,1,3_0,1,2,3_2,3,0,1
0255	Ubl	1,3,2,0_3,0,1,2_2,3,1,0_0,1,2,3_0,1,2,3_0,2,3,1
0256	Ubl	3,1,2,0_3,2,1,0_0,3,2,1_3,2,1,0_3,0,2,1_1,0,3,2
0257	Ubl	2,3,1,0_1,2,0,3_3,0,2,1_3,2,0,1_0,1,2,3_0,2,3,1
0258	Ubl	3,2,1,0_2,3,0,1_0,1,2,3_1,2,3,0_1,3,0,2_3,1,0,2
0259	Ubl	2,1,3,0_2,1,3,0_3,1,0,2_3,1,0,2_2,1,3,0_1,3,0,2
0260	Ubl	3,2,1,0_3,2,0,1_0,3,2,1_0,3,1,2_1,2,0,3_2,3,1,0
0261	Ubl	3,1,2,0_3,2,0,1_2,1,0,3_3,2,1,0_2,3,1,0_2,0,3,1
0262	Ubl	2,1,3,0_3,1,0,2_0,1,2,3_3,1,2,0_0,2,3,1_3,1,2,0
0263	Ubl	2,3,1,0_1,0,3,2_0,3,2,1_3,1,0,2_3,2,1,0_2,0,1,3
0264	Ubl	3,2,1,0_0,1,3,2_0,2,1,3_3,1,0,2_1,0,3,2_3,0,1,2
0265	Ubl	2,3,1,0_1,0,2,3_3,1,0,2_3,2,0,1_3,0,1,2_2,1,3,0
0266	Ubl	2,3,1,0_0,2,1,3_1,3,0,2_2,1,3,0_1,2,0,3_2,3,0,1
0267	Ubl	2,1,3,0_1,3,2,0_1,2,0,3_3,2,0,1_3,2,0,1_1,3,0,2
0268	Ubl	1,3,2,0_0,3,2,1_3,2,0,1_1,3,2,0_3,1,2,0_3,0,2,1
0269	Ubl	1,3,2,0_1,0,3,2_2,1,0,3_1,3,2,0_2,0,3,1_1,3,0,2
0270	Ubl	3,2,1,0_0,1,2,3_0,2,1,3_0,2,1,3_1,2,3,0_3,1,0,2
0271	Ubl	3,1,2,0_0,3,2,1_3,0,2,1_1,0,3,2_3,0,1,2_3,1,2,0
0272	Ubl	1,3,2,0_2,0,3,1_3,0,1,2_0,3,1,2_1,3,0,2_1,2,3,0
0273	Ubl	1,2,3,0_1,2,3,0_1,0,3,2_3,2,1,0_0,3,2,1_0,1,3,2
0274	Ubl	3,1,2,0_2,1,3,0_2,1,3,0_0,1,3,2_0,1,2,3_0,2,3,1
0275	Ubl	1,2,3,0_2,3,0,1_0,1,3,2_1,3,0,2_1,0,2,3_2,0,3,1
0276	Ubl	1,3,2,0_1,2,3,0_0,2,3,1_2,0,1,3_2,3,0,1_3,0,2,1
0277	Ubl	2,3,1,0_2,1,0,3_1,2,3,0_2,0,1,3_1,2,0,3_1,0,2,3
0278	Ubl	3,2,1,0_3,1,0,2_3,0,2,1_3,0,2,1_2,3,0,1_0,3,2,1
0279	Ubl	1,2,3,0_3,2,0,1_1,2,0,3_3,1,2,0_1,0,3,2_0,1,3,2
0280	Ubl	1,3,2,0_3,2,0,1_3,2,1,0_2,1,0,3_1,0,2,3_1,2,3,0
0281	Ubl	2,1,3,0_0,2,3,1_1,0,2,3_1,0,3,2_2,3,1,0_2,3,1,0
0282	Ubl	3,1,2,0_1,2,3,0_3,2,1,0_1,0,2,3_2,0,1,3_2,0,1,3
0283	Ubl	3,1,2,0_3,1,2,0_0,3,2,1_3,2,1,0_1,3,2,0_1,0,2,3
0284	Ubl	1,2,3,0_2,1,3,0_2,3,1,0_1,3,0,2_0,3,1,2_2,1,0,3
0285	Ubl	1,2,3,0_2,0,3,1_0,3,1,2_0,3,2,1_0,3,2,1_0,3,2,1
0286	Ubl	3,2,1,0_1,0,3,2_2,1,0,3_2,1,3,0_3,0,1,2_0,1,2,3
0287	Ubl	3,2,1,0_0,1,2,3_2,1,3,0_2,3,1,0_3,1,0,2_0,2,1,3
0288	Ubl	3,2,1,0_2,3,0,1_3,1,2,0_2,3,1,0_3,2,1,0_3,2,0,1
0289	Ubl	2,3,1,0_0,3,2,1_3,2,1,0_0,3,1,2_3,2,0,1_3,0,1,2
0290	Ubl	1,3,2,0_0,1,2,3_3,0,1,2_2,0,3,1_0,2,1,3_2,1,3,0
0291	Ubl	3,2,1,0_2,3,0,1_3,2,0,1_3,0,1,2_0,1,2,3_1,3,2,0
0292	Ubl	2,1,3,0_2,0,1,3_2,3,0,1_3,2,1,0_3,2,0,1_2,0,3,1
0293	Ubl	2,1,3,0_1,3,2,0_0,1,3,2_1,2,0,3_2,0,3,1_1,0,2,3
0294	Ubl	3,1,2,0_1,3,0,2_2,3,1,0_2,3,0,1_2,1,3,0_2,1,0,3
0295	Ubl	2,3,1,0_2,0,3,1_0,1,2,3_1,3,2,0_0,1,3,2_0,2,1,3
0296	Ubl	1,3,2,0_0,1,2,3_1,3,0,2_3,2,0,1_3,2,0,1_0,1,2,3
0297	Ubl	3,1,2,0_2,3,1,0_3,2,1,0_3,0,1,2_2,3,0,1_1,3,0,2
0298	Ubl	2,3,1,0_0,1,3,2_0,3,1,2_3,1,2,0_2,1,0,3_1,3,2,0
0299	Ubl	3,2,1,0_2,3,1,0_1,0,3,2_3,1,0,2_0,3,2,1_3,0,1,2
0300	Ubl	1,3,2,0_3,1,2,0_2,1,3,0_2,3,0,1_2,3,0,1_2,1,0,3
0301	Ubl	1,2,3,0_3,1,0,2_1,3,2,0_3,0,2,1_2,1,3,0_2,1,0,3
0302	Ubl	3,2,1,0_2,0,1,3_2,1,0,3_1,3,2,0_1,0,2,3_2,1,0,3
0303	Ubl	3,2,1,0_0,2,3,1_1,0,3,2_0,3,1,2_3,2,1,0_3,0,2,1
0304	Ubl	1,2,3,0_0,3,1,2_1,3,0,2_3,2,1,0_1,3,2,0_3,2,0,1
0305	Ubl	1,2,3,0_0,2,3,1_0,1,3,2_1,3,0,2_3,2,1,0_3,0,1,2
0306	Ubl	3,1,2,0_1,2,0,3_1,2,3,0_0,3,2,1_0,3,2,1_2,0,1,3
0307	Ubl	2,1,3,0_3,0,2,1_3,2,0,1_0,1,2,3_2,3,1,0_2,3,0,1
0308	Ubl	3,2,1,0_0,1,2,3_2,1,3,0_2,3,1,0_2,0,1,3_0,3,2,1
0309	Ubl	3,2,1,0_1,3,2,0_0,1,3,2_0,1,3,2_2,0,1,3_1,0,2,3
0310	Ubl	3,2,1,0_2,1,0,3_0,1,3,2_3,0,1,2_0,3,2,1_0,3,1,2
0311	Ubl	1,2,3,0_3,1,0,2_1,3,2,0_0,2,1,3_0,3,2,1_3,0,1,2
0312	Ubl	2,1,3,0_1,0,2,3_2,3,0,1_2,1,0,3_2,0,1,3_1,2,0,3
0313	Ubl	2,3,1,0_0,1,3,2_3,2,0,1_3,2,0,1_0,2,3,1_1,2,3,0
0314	Ubl	1,3,2,0_1,3,2,0_3,2,0,1_1,0,3,2_2,1,0,3_3,2,0,1
0315	Ubl	2,1,3,0_0,1,2,3_0,3,2,1_2,0,1,3_0,3,1,2_0,3,1,2
0316	Ubl	1,3,2,0_1,0,3,2_3,2,0,1_1,0,3,2_1,0,2,3_3,2,1,0
0317	Ubl	2,1,3,0_3,0,1,2_3,0,1,2_1,3,0,2_1,0,3,2_1,3,2,0
0318	Ubl	1,2,3,0_0,1,3,2_1,2,0,3_3,1,0,2_1,3,0,2_3,2,1,0
0319	Ubl	2,1,3,0_0,2,1,3_0,3,1,2_1,3,2,0_3,1,2,0_3,2,1,0
0320	Ubl	3,1,2,0_2,3,0,1_0,3,1,2_2,0,3,1_1,2,0,3_3,0,2,1
0321	Ubl	1,2,3,0_3,0,1,2_3,0,2,1_1,2,0,3_2,1,0,3_3,2,0,1
0322	Ubl	3,1,2,0_2,1,3,0_1,2,0,3_0,1,3,2_3,0,2,1_2,0,3,1
0323	Ubl	2,1,3,0_1,2,3,0_3,0,1,2_0,1,2,3_3,1,0,2_2,3,0,1
0324	Ubl	2,3,1,0_3,0,2,1_1,0,3,2_2,1,3,0_0,1,2,3_1,2,0,3
0325	Ubl	2,3,1,0_3,0,1,2_2,3,1,0_3,1,0,2_1,0,3,2_2,3,1,0
0326	Ubl	3,1,2,0_2,0,1,3_1,3,2,0_2,3,1,0_2,3,1,0_3,0,2,1
0327	Ubl	3,2,1,0_1,3,0,2_0,2,1,3_3,1,0,2_0,2,3,1_3,1,0,2
0328	Ubl	2,1,3,0_1,0,3,2_0,2,1,3_3,1,0,2_1,3,0,2_3,2,0,1
0329	Ubl	1,2,3,0_0,3,1,2_0,1,3,2_2,1,0,3_0,2,3,1_0,3,2,1
0330	Ubl	1,2,3,0_0,2,1,3_2,3,1,0_3,1,2,0_0,2,3,1_3,1,2,0
0331	Ubl	1,2,3,0_2,3,1,0_1,3,0,2_0,2,1,3_1,0,2,3_0,2,3,1
0332	Ubl	2,3,1,0_2,0,1,3_1,0,3,2_3,0,2,1_1,2,0,3_1,2,0,3
0333	Ubl	2,1,3,0_2,3,0,1_0,2,3,1_1,2,0,3_2,1,0,3_1,3,0,2
0334	Ubl	3,1,2,0_3,1,2,0_3,1,2,0_0,3,2,1_3,1,0,2_2,3,0,1
0335	Ubl	3,2,1,0_0,3,2,1_0,1,3,2_0,3,2,1_3,0,2,1_2,3,1,0
0336	Ubl	2,1,3,0_1,3,2,0_3,1,2,0_1,3,2,0_3,2,0,1_2,3,1,0
0337	Ubl	3,1,2,0_2,3,0,1_0,1,2,3_1,3,0,2_1,0,3,2_3,2,0,1
0338	Ubl	2,3,1,0_1,2,0,3_3,1,2,0_3,0,2,1_0,3,1,2_1,2,3,0
0339	Ubl	3,2,1,0_1,0,3,2_0,1,2,3_2,1,3,0_0,1,3,2_1,3,0,2
0340	Ubl	1,2,3,0_3,1,2,0_0,3,1,2_3,1,2,0_1,2,0,3_0,3,1,2
0341	Ubl	3,1,2,0_3,1,2,0_0,2,1,3_3,1,2,0_1,3,2,0_0,3,1,2
0342	Ubl	1,2,3,0_1,0,3,2_3,2,0,1_3,1,0,2_3,2,0,1_3,2,1,0
0343	Ubl	3,1,2,0_0,3,2,1_2,3,0,1_1,0,2,3_0,3,1,2_0,3,1,2
0344	Ubl	1,2,3,0_1,2,0,3_3,1,0,2_1,0,3,2_3,0,1,2_0,3,1,2
0345	Ubl	3,2,1,0_3,1,0,2_2,3,0,1_1,2,0,3_2,1,0,3_0,2,3,1
0346	Ubl	3,2,1,0_2,3,1,0_1,2,3,0_1,2,0,3_1,0,3,2_2,0,1,3
0347	Ubl	1,2,3,0_3,1,0,2_0,3,1,2_2,3,1,0_1,3,0,2_3,0,1,2
0348	Ubl	2,1,3,0_3,1,0,2_3,1,0,2_1,2,3,0_3,0,1,2_0,1,3,2
0349	Ubl	1,3,2,0_1,2,0,3_0,2,1,3_1,0,3,2_3,1,0,2_1,3,0,2
0350	Ubl	2,3,1,0_3,1,2,0_2,3,0,1_1,3,2,0_3,1,0,2_0,3,1,2
0351	Ubl	3,2,1,0_1,0,3,2_0,1,3,2_1,2,3,0_3,0,1,2_1,2,0,3
0352	Ubl	3,1,2,0_3,0,2,1_0,2,3,1_3,1,0,2_1,0,3,2_0,1,3,2
0353	Ubl	2,3,1,0_0,1,3,2_0,3,1,2_0,1,2,3_2,3,0,1_0,1,3,2
0354	Ubl	2,1,3,0_2,3,1,0_1,0,2,3_1,0,3,2_3,2,0,1_3,0,2,1
0355	Ubl	2,1,3,0_2,3,1,0_1,2,3,0_2,0,3,1_2,0,3,1_1,2,0,3
0356	Ubl	1,2,3,0_2,1,0,3_1,3,2,0_3,2,1,0_1,2,3,0_2,1,3,0
0357	Ubl	2,3,1,0_3,1,0,2_1,0,2,3_1,2,0,3_1,0,3,2_1,0,2,3
0358	Ubl	2,1,3,0_0,1,2,3_2,1,3,0_1,0,3,2_3,1,2,0_2,3,1,0
0359	Ubl	3,1,2,0_2,3,1,0_2,0,1,3_1,3,2,0_3,2,1,0_1,3,2,0
0360	Ubl	1,2,3,0_0,1,2,3_2,3,1,0_2,3,1,0_1,2,0,3_2,1,3,0
0361	Ubl	3,2,1,0_3,0,1,2_0,2,1,3_2,1,3,0_0,1,2,3_2,3,0,1
0362	Ubl	3,2,1,0_2,0,1,3_2,0,3,1_3,1,2,0_3,1,2,0_3,2,1,0
0363	Ubl	1,2,3,0_1,3,2,0_1,3,2,0_0,3,1,2_3,0,2,1_1,0,2,3
0364	Ubl	2,3,1,0_1,0,2,3_1,0,3,2_1,3,2,0_1,3,2,0_1,3,0,2
0365	Ubl	3,1,2,0_0,3,1,2_3,2,0,1_0,1,3,2_2,3,1,0_3,2,1,0
0366	Ubl	1,2,3,0_0,2,1,3_2,1,0,3_0,1,3,2_3,2,1,0_2,1,0,3
0367	Ubl	1,3,2,0_0,2,3,1_0,3,2,1_0,1,3,2_2,0,3,1_2,3,1,0
0368	Ubl	2,1,3,0_1,2,0,3_1,3,0,2_0,2,3,1_2,3,1,0_0,1,3,2
0369	Ubl	1,3,2,0_1,3,2,0_0,2,3,1_0,3,1,2_2,1,3,0_2,3,1,0
0370	Ubl	3,2,1,0_2,3,1,0_3,2,0,1_3,2,1,0_1,3,0,2_2,3,0,1
0371	Ubl	2,3,1,0_1,0,2,3_1,0,3,2_2,1,3,0_0,2,3,1_2,0,1,3
0372	Ubl	1,3,2,0_3,1,2,0_1,3,2,0_0,3,2,1_3,0,2,1_2,3,1,0
0373	Ubl	2,3,1,0_2,0,1,3_3,2,0,1_2,0,1,3_0,2,3,1_3,1,2,0
0374	Ubl	3,2,1,0_3,0,1,2_1,2,0,3_2,0,1,3_3,1,2,0_2,3,0,1
0375	Ubl	3,1,2,0_0,3,1,2_3,2,0,1_0,2,3,1_2,3,0,1_3,1,2,0
0376	Ubl	2,3,1,0_2,0,3,1_3,1,2,0_1,2,0,3_1,2,0,3_0,2,3,1
0377	Ubl	2,1,3,0_0,2,1,3_0,2,1,3_3,2,0,1_3,1,2,0_0,3,1,2
0378	Ubl	2,1,3,0_2,1,0,3_1,0,3,2_0,1,3,2_0,3,1,2_0,3,1,2
0379	Ubl	1,2,3,0_1,0,3,2_0,1,2,3_0,2,3,1_2,3,0,1_0,1,3,2
0380	Ubl	1,2,3,0_0,2,3,1_3,1,2,0_0,3,2,1_3,0,2,1_3,1,0,2
0381	Ubl	2,3,1,0_1,0,3,2_1,3,0,2_2,0,3,1_0,2,3,1_1,2,0,3
0382	Ubl	1,3,2,0_3,1,2,0_1,2,3,0_1,2,0,3_3,1,0,2_2,1,0,3
0383	Ubl	1,3,2,0_0,3,2,1_1,0,3,2_2,0,3,1_1,3,2,0_2,3,0,1
0384	Ubl	2,1,3,0_0,2,1,3_0,2,1,3_0,2,1,3_2,1,0,3_3,1,0,2
0385	Ubl	1,2,3,0_1,2,0,3_0,3,1,2_0,3,2,1_2,3,0,1_0,1,3,2
0386	Ubl	3,2,1,0_1,0,2,3_1,3,0,2_3,1,2,0_3,1,2,0_0,2,3,1
0387	Ubl	1,2,3,0_3,0,2,1_2,3,1,0_3,0,1,2_2,0,1,3_3,0,2,1
0388	Ubl	3,2,1,0_2,3,1,0_3,0,2,1_3,1,2,0_1,0,2,3_1,3,0,2
0389	Ubl	3,1,2,0_1,3,2,0_0,2,3,1_3,2,1,0_0,3,2,1_2,0,1,3
0390	Ubl	2,3,1,0_2,0,1,3_0,3,1,2_3,2,0,1_2,0,1,3_3,2,0,1
0391	Ubl	1,3,2,0_3,2,1,0_3,1,2,0_2,1,0,3_3,2,1,0_2,3,0,1
0392	Ubl	2,1,3,0_1,0,3,2_0,1,2,3_1,2,3,0_1,2,3,0_2,3,0,1
0393	Ubl	3,1,2,0_2,3,1,0_3,2,0,1_1,0,2,3_2,1,3,0_1,3,0,2
0394	Ubl	3,2,1,0_2,3,0,1_2,1,3,0_0,1,3,2_0,1,2,3_0,1,2,3
0395	Ubl	3,2,1,0_2,3,0,1_2,1,3,0_2,1,0,3_2,3,0,1_3,0,2,1
0396	Ubl	3,2,1,0_2,3,0,1_2,0,3,1_1,0,2,3_2,3,0,1_1,3,2,0
0397	Ubl	2,3,1,0_1,0,2,3_3,2,1,0_2,1,0,3_1,3,2,0_2,3,0,1
0398	Ubl	1,3,2,0_3,0,1,2_2,0,1,3_1,3,0,2_3,0,1,2_0,3,1,2
0399	Ubl	1,2,3,0_1,3,2,0_0,1,2,3_3,2,0,1_0,2,3,1_0,3,2,1
0400	Ubl	2,3,1,0_1,2,0,3_2,3,1,0_3,0,1,2_2,1,3,0_2,3,1,0
